619126
618371
709757
619167
617924
618176
617912
618112
618218
612793
618017
709842
618087
615917
400005
618582
705375
617364
611452
400033
705766
615822
617299
705500
617252
618139
618825
619220
618146
618447
705735
709797
616254
617372
618036
618408
618958
618848
618052
619216
619251
618986
618635
619086
618513
701597
709819
619072
618784
618676
706724
617930
705358
618392
704495
618645
705774
619317
618540
618138
618490
618586
400203
618160
400298
617969
617830
705502
618086
618072
616842
709755
618239
618294
618815
618631
619198
618847
618957
618927
400301
619148
709845
612183
604853
705617
618879
619078
709849
618462
611945
709826
617224
618708
617970
618187
618508
616879
612827
400168
618704
611884
709850
611943
618253
701324
613008
617304
618891
615183
619108
705598
618956
618838
709780
618722
615339
705433
618033
618906
616695
618823
400102
618945
706950
400299
618342
618198
706835
400151
702854
618702
618064
701395
618583
606479
618736
617942
706942
618433
619197
618478
618951
617889
617960
618460
612781
400273
618851
612139
618671
618309
701415
617905
619129
619172
618293
612213
400013
400156
400112
618395
618240
618585
619033
709815
702639
618031
707059
618353
618008
618438
702734
705663
619068
618069
618800
709851
618922
611602
619211
618047
619138
618817
618065
617990
400172
618170
618606
618212
617403
702808
618403
705356
619087
618180
400275
618464
615336
618719
400006
618485
618809
705528
618684
619223
618354
618787
705772
618821
618863
619102
618613
618761
618871
618878
618790
707021
618827
618132
618856
618339
618366
618203
612853
705610
400048
617973
619103
611754
619145
615332
618319
618828
618074
702658
701400
618791
701344
619181
705780
618567
701991
618455
609019
615202
618283
705612
617980
618667
618311
618693
618066
618487
618792
400103
618969
618926
618924
618130
615918
618706
618375
701167
618626
618057
618055
618632
617804
400144
705747
616588
619059
618162
602181
617270
619141
618059
618705
617933
618688
617934
618500
619028
706759
705432
618105
618419
618477
618971
705650
611509
400138
618769
618929
612883
617327
617185
607701
701745
400095
618570
701574
618511
618016
400254
618772
400166
618639
618682
617919
615865
618773
618550
400047
701228
617302
400178
618521
617996
602792
618367
612851
705777
602797
618432
618603
618822
615330
618669
618506
618220
618938
619193
618310
619107
615821
619316
618119
617961
705613
701376
617207
617808
617068
617200
613786
618011
615818
618264
618232
701602
617955
619071
619292
618747
619183
400078
618420
619187
618826
705941
619010
618257
618765
702793
618479
618164
611586
617939
618411
705492
618398
618459
619253
619024
615982
618329
709785
617832
617907
618383
618805
618642
617947
618853
619008
705588
618409
705667
618920
705793
618668
618082
618774
619127
707044
705785
618569
618235
617901
705783
618778
618093
618210
619153
709796
709841
618387
618370
709857
701168
602098
618829
618592
617284
618412
618297
618504
618551
706866
618314
618716
618002
618960
618035
618652
617950
618955
618189
619095
618109
400312
701105
612188
618552
701346
616233
618044
616612
618674
617338
615863
709774
706763
400035
705394
618467
618022
619318
400271
618855
400392
618589
701391
611930
705635
618629
618518
701598
400223
709793
618181
400096
616839
400136
618579
618610
618520
618572
618616
618421
706781
615915
618336
705513
619067
613793
613785
709782
619063
618502
702851
618961
618634
618608
619098
618315
615185
619165
705629
619051
618084
619307
618416
618428
400100
618967
618661
618978
617968
705763
618711
617962
618783
618881
400160
618977
709812
618869
400321
706865
618475
618766
618756
618034
617929
618563
617215
618728
618116
705728
618435
618917
618040
612816
706940
618527
618476
617242
618226
617226
602593
701330
706811
611752
618302
705391
618166
400353
618533
709813
618250
619289
619164
705401
618225
611957
617965
709781
618615
612834
618849
400162
618872
615333
616615
619143
701565
707086
619224
602535
617271
709752
619196
618522
617245
705359
701766
618576
618952
618436
618321
705495
615191
617981
709759
618224
618963
617890
617416
618995
618804
618223
616841
706718
618911
618050
619045
616044
618921
705761
701343
705480
618694
618845
618935
617988
619066
707046
701412
618543
618662
705458
618507
618633
709799
618577
618318
618111
618073
618088
618019
617801
619158
618806
618396
618323
618386
618228
618701
618846
618649
618259
618216
618313
618599
618081
705253
611977
705514
618414
618192
619070
618744
709758
613015
601812
618598
701404
705464
618204
615858
615194
618771
602185
617938
618391
400220
618298
611698
705392
602525
619132
618727
617917
618480
617827
618972
618328
618286
705912
617179
400155
618015
618400
617182
617250
612876
618936
618651
618365
618005
617922
618401
618539
618457
618472
400280
618779
618663
618912
618483
618037
617937
617878
618981
616594
618346
618300
618117
617422
702632
615346
615335
702699
618531
619136
618591
618775
400018
618368
611927
612787
616225
611961
618517
702665
618001
617940
705434
618247
705510
400148
618873
618595
618796
705572
619140
619104
618561
617214
618875
615914
618538
618163
618745
618840
618384
615345
616611
701113
619226
618068
619105
617911
616230
618098
618359
617246
618619
615188
709856
618350
612096
617979
618236
619060
618544
618233
705567
619117
705450
400247
709848
604852
619293
618559
618177
618558
611963
619038
618463
618071
618149
618209
709778
615857
701370
611570
619157
400109
617183
618515
618862
702840
400010
705762
709750
400231
611948
618721
709760
618655
618085
618422
618541
705632
400149
617764
705252
619291
618928
618553
615349
618948
619185
618602
618046
619161
618939
701354
618718
707410
618173
618349
618571
612211
619124
701398
705457
706777
618252
618850
617978
615337
619305
618471
613799
705933
618345
618330
618896
618122
618141
400142
617991
618687
618343
618292
709792
616600
702674
617914
618143
701383
618799
618448
618123
618355
618229
611918
618028
618746
618427
618890
619228
618377
702629
618288
618094
619076
400093
617828
612878
611861
618191
618664
615331
618489
618197
618739
617379
612845
619056
618379
618516
617975
618691
705512
611735
709838
619090
602099
618024
618743
617231
701171
707039
618334
617880
618440
615347
618795
618429
618013
618021
617966
709816
705782
618852
618450
618493
617361
617249
618363
618865
709779
618908
605155
619209
617971
618394
701349
618413
709772
705436
618075
618675
618000
618925
618758
618982
618494
615195
618923
707069
618770
617391
616604
618335
618557
617946
618193
400315
611971
610984
616231
611716
618385
618076
611978
706775
709786
705362
400173
618056
618352
612788
618870
709800
618200
618698
619213
618954
612201
618953
400081
617216
618636
618723
709794
618617
618749
618874
705481
618118
617239
705752
619003
705507
619084
612898
619134
619227
618190
618532
612140
611967
619149
618174
617375
701719
617984
618083
400119
615820
618007
619101
702627
615190
707049
705741
618012
618930
617069
617935
618584
701173
617959
705639
611947
707087
701122
618492
618029
617972
705742
705794
618434
611949
400154
617206
618415
617248
617920
701408
702628
618060
618199
400141
709783
618202
618594
618808
618196
618893
618175
618887
618390
709773
618404
706776
619099
611017
619005
618341
618097
617976
400181
617932
618512
618588
615184
618618
616694
615206
612855
618140
619200
618654
618968
618397
617345
618211
618061
619311
702625
618782
618437
618976
618183
618992
619064
618788
618529
618748
618622
618933
400183
617257
612786
619029
619009
618653
108000
618095
618113
618325
618446
617181
617926
617936
618234
618937
618449
609736
618737
615199
618580
400023
618110
618714
616234
618157
617822
612072
619025
617838
618524
618114
618833
618217
618916
618357
400087
617893
618715
618505
605156
618614
400174
616236
618481
617913
616587
618712
707058
619210
617201
618137
618418
612789
618793
617802
705364
701396
618194
705616
617406
616843
611047
618919
619073
613794
618219
617269
618364
618491
618858
618358
619219
619202
618700
617729
618895
705494
618867
602538
618725
617928
617413
609996
705385
709837
618369
618106
618949
618430
701668
619301
618317
618004
400192
618006
618222
618841
618899
616229
618964
705410
400261
618291
619032
618468
706779
618407
618099
618495
705505
618417
615338
619112
705444
616050
618797
619114
618045
618244
709754
618883
618043
619154
705633
618089
617998
618820
619155
602579
400185
618720
618249
602195
702637
619166
709818
615327
612138
618488
617999
618156
705357
615343
400105
618316
619139
618246
619026
618441
400186
702635
618473
619199
701530
707045
618864
400045
619308
619083
616856
618380
618697
616226
617212
616223
618185
618991
617892
617254
617994
188000
707070
618931
400121
617370
702355
619131
400382
705437
709777
617730
615919
617902
617272
617186
619053
618601
400074
616699
617963
617408
618757
618182
400120
618070
618287
618406
618256
617909
618324
709865
705583
618496
618947
706780
618062
617184
618692
618147
617806
618686
618402
618301
400188
618179
618344
619295
702668
701107
618777
618125
617964
618326
705515
617941
613803
618155
617326
618108
619093
702741
618373
400165
705771
617803
705491
618042
618545
619146
618107
619152
619306
618165
618641
618127
619042
618566
400426
400424
617886
618904
615861
616950
604795
616933
615189
618581
618231
618030
618205
618943
618568
619130
709753
617819
616691
618966
618509
705428
617931
619004
618562
618578
618525
701405
618171
617877
618844
612259
617927
618884
617221
618458
611864
618814
706860
705482
618133
617256
618556
619214
705608
618612
702742
617944
617993
617891
617287
615186
616227
618284
400204
618726
618946
618898
607709
618306
618003
703057
618158
616605
617985
618560
618172
615916
613798
619119
610315
615193
706898
618295
618638
616616
616857
612916
618498
618169
618678
707050
618136
618159
618910
611966
617885
611917
705764
618443
701126
705659
709831
400352
618901
618637
609424
400253
617989
618410
602582
900808
617278
617807
618134
400111
619100
400019
617390
618762
618735
618333
618707
619150
705490
701658
618503
400291
617727
400232
618623
619014
617213
618944
618243
618207
611974
618798
619168
617948
618351
619094
618431
612819
701402
618340
619294
707229
617958
618597
618445
618465
618666
619122
705424
618962
618101
619057
617280
705648
618356
618824
705919
618905
618337
618640
612790
618685
617974
602096
619203
617906
617900
706854
617992
705765
701121
615340
606431
703586
619163
618260
612142
617412
400073
618103
701338
701570
618049
617836
705562
618537
618734
618282
618913
705496
618023
618484
616983
702833
618201
400107
701386
619186
617409
618248
618888
618289
709770
618338
618680
618405
619218
400416
702746
618184
618785
705419
618381
618941
618880
612513
618625
618818
618285
702760
611979
618251
619075
400182
400205
618854
618393
617253
617404
618914
611929
706757
618843
701289
705366
705504
617983
702664
705668
618304
613787
619049
618482
618547
702630
617949
619109
702949
612877
619142
618009
613802
400177
612748
618374
618907
618242
613013
618027
618426
618970
616670
612186
618764
617839
618215
618665
705497
602961
617986
603945
618717
618227
616886
701399
612885
618832
618740
702958
618263
400043
706837
617898
701377
619144
618230
619206
900874
618709
618985
618549
701263
619205
618523
617954
618813
709832
617896
615344
618724
618150
619225
619217
709859
602532
618710
400150
617883
619208
701410
618839
618834
618208
613002
612894
618466
619314
618382
619128
618514
618079
619030
400277
618628
701411
618755
618835
619027
618695
611016
618444
617921
618452
618499
618126
617279
618811
612791
709864
618010
618810
618161
619207
617233
613804
618167
618206
617887
619092
618644
618605
124005
618959
619089
618950
619111
701128
618362
618266
400116
618439
703021
709839
705918
618837
618104
618501
618388
617894
400022
612745
618526
617210
618909
619052
702810
400354
618934
618861
400187
618620
400153
619077
705660
617899
400101
701406
618347
618142
617915
709840
618868
618320
618564
701101
618054
701329
618776
618768
616671
617957
619106
618672
709847
618690
617255
619320
702626
618630
618262
618593
618574
618067
616232
400097
618742
618399
618096
619074
400369
618673
618530
617251
613800
615192
617916
619013
617882
604863
618794
705429
613808
617982
619125
705799
619171
604859
617333
618456
619054
709795
701657
612194
612815
619118
705730
618469
400139
618536
705396
615843
618080
618178
705244
619162
617818
618759
618650
619080
618327
701599
618238
705489
618741
617188
400180
612132
618590
619069
618866
619137
618454
618754
619031
705638
618154
619121
618535
615187
618807
618859
618018
618486
618041
618519
618091
617405
618831
400115
400012
618882
612133
706922
618305
618168
618255
619123
618903
618627
617987
701172
709811
705453
617243
618296
617288
602182
705479
618886
707419
705527
618554
619184
618611
709747
618372
618885
616701
701372
618129
618497
618312
618258
619007
707215
618053
618624
611751
618902
618596
617995
618186
618254
618423
618092
400171
701593
619022
618290
617977
616858
619055
617211
618214
400259
618124
618889
709771
617923
615334
619097
618331
709791
400062
616586
618120
611669
400425
618221
617897
705628
617888
607653
611855
619312
705298
616253
615862
701127
604833
619096
707020
618237
618760
706836
618470
618942
618681
617967
617895
618026
615860
612128
606112
618894
400167
618677
618063
617837
617374
705493
602184
619147
612167
619215
618932
617225
618121
618144
612134
705511
618830
615342
618604
616672
618647
617908
604791
618389
602223
709817
618014
617945
618039
613801
603293
400169
619160
618751
705373
705368
618801
618600
611699
618699
618308
618038
618020
618213
618607
618836
618803
618303
618152
619201
709776
605292
705526
701170
705661
618786
705454
618376
709798
618188
618915
618348
611970
705506
618078
703585
619222
617925
618265
618153
617951
619120
618621
617904
618897
705237
618442
618025
618145
618609
618819
618565
618090
707022
611495
705498
618738
606013
619212
619313
617829
618713
618812
619191
618299
616697